1 0.75859375 0.621875 0.1765625 0.4265625
1 0.51796875 0.609375 0.0734375 0.17578125
1 0.3171875 0.65390625 0.0875 0.17265625
1 0.12734375 0.53828125 0.0484375 0.08046875
1 0.18125 0.50703125 0.06875 0.1609375
1 0.04453125 0.48125 0.0421875 0.075
1 0.32734375 0.4921875 0.0359375 0.075
1 0.4453125 0.4546875 0.028125 0.08671875
1 0.5296875 0.48125 0.059375 0.09765625
1 0.63359375 0.4828125 0.0515625 0.12421875
1 0.94375 0.403125 0.08125 0.1328125
1 0.86953125 0.44375 0.0390625 0.08046875
1 0.2921875 0.43203125 0.03125 0.075
1 0.11796875 0.41171875 0.0390625 0.06875
1 0.3546875 0.41015625 0.034375 0.06015625
1 0.415625 0.63046875 0.040625 0.10390625