1 0.29609375 0.496875 0.15859375 0.24609375
1 0.44609375 0.4515625 0.05 0.07734375
1 0.44609375 0.446875 0.04140625 0.08046875
1 0.54296875 0.4359375 0.08125 0.12421875
1 0.4 0.390625 0.0375 0.04453125
1 0.74765625 0.4359375 0.03359375 0.0578125
1 0.70234375 0.3859375 0.02890625 0.05234375
1 0.82578125 0.43203125 0.06015625 0.12734375
1 0.89296875 0.39609375 0.03125 0.05
1 0.0484375 0.54609375 0.096875 0.1890625
1 0.09140625 0.428125 0.0375 0.08046875
1 0.19453125 0.4140625 0.03125 0.075
1 0.11953125 0.39296875 0.02265625 0.0390625
1 0.16953125 0.34765625 0.03515625 0.04140625
1 0.58828125 0.34609375 0.03984375 0.05546875
1 0.98515625 0.46015625 0.0296875 0.08984375