1 0.48828125 0.39453125 0.0921875 0.19140625
0 0.54453125 0.23359375 0.06953125 0.15234375
0 0.5828125 0.1890625 0.0578125 0.10703125
1 0.3453125 0.1609375 0.0671875 0.16875
0 0.4171875 0.05078125 0.065625 0.1015625
0 0.5375 0.0734375 0.059375 0.12421875
1 0.10390625 0.6484375 0.2078125 0.3953125
1 0.7796875 0.4453125 0.0984375 0.16875
1 0.93203125 0.32421875 0.0828125 0.15234375
1 0.8171875 0.1890625 0.08046875 0.1296875
1 0.675 0.1296875 0.09609375 0.140625
1 0.2609375 0.146875 0.07890625 0.13515625