1 0.5140625 0.21875 0.09453125 0.2015625
1 0.61171875 0.22890625 0.0578125 0.1296875
1 0.69921875 0.31953125 0.040625 0.08046875
1 0.765625 0.26640625 0.06171875 0.11796875
1 0.85078125 0.32109375 0.05546875 0.10078125
1 0.9375 0.2921875 0.04453125 0.0890625
1 0.42578125 0.30078125 0.0671875 0.10625
1 0.2671875 0.31953125 0.06953125 0.10390625
1 0.0890625 0.30546875 0.07109375 0.115625
1 0.153125 0.26953125 0.05546875 0.10625
1 0.2046875 0.24921875 0.03671875 0.06015625
1 0.27421875 0.23046875 0.03671875 0.04609375