0 0.19375 0.59140625 0.075 0.1625
0 0.12421875 0.284375 0.06875 0.159375
0 0.19453125 0.38203125 0.08125 0.19921875
0 0.33125 0.5171875 0.09140625 0.2328125
0 0.61484375 0.65390625 0.0796875 0.21015625
0 0.5484375 0.29296875 0.06171875 0.15390625
0 0.48515625 0.25625 0.053125 0.1484375
0 0.7 0.15 0.053125 0.13203125
1 0.88203125 0.6203125 0.09375 0.27734375
0 0.63359375 0.45625 0.0765625 0.15703125
0 0.96796875 0.365625 0.05 0.1765625
1 0.45 0.5640625 0.096875 0.2546875
0 0.2578125 0.24609375 0.06875 0.2015625
0 0.88046875 0.19765625 0.0453125 0.11484375